- name: "zone_depart"
  x: 1.225
  y: 0.30
  r: -1.57
- name: "zone_conserve1"
  x: 1.1
  y: 0.9
  r: 1.57
- name: "zone_conserve2"
  x: 0.775
  y: 0.6
  r: -1.57
- name: "zone_arrivee"
  x: 0.38757
  y: 1.6290283
  r: 1.57